{
  "advancedEditorSelectedIdentifier" : "ProjectBrowser",
  "openSceneRelativePaths" : [
    "anotherWorld.usda"
  ],
  "recentIdentifiers" : {
    "0DCBEECD-07FC-4500-B81A-30D7BFC7AB22" : [

    ]
  },
  "sceneCameraHistory" : {
    "0DCBEECD-07FC-4500-B81A-30D7BFC7AB22" : [
      {
        "date" : 712581948.41014,
        "title" : "Untitled",
        "transform" : [
          0.99856013,
          2.4483576e-10,
          0.05364222,
          0,
          0.023289844,
          0.90083086,
          -0.43354496,
          0,
          -0.04832257,
          0.43417007,
          0.89953387,
          0,
          -0.6784913,
          5.3999743,
          11.258391,
          1
        ]
      },
      {
        "date" : 712581924.620393,
        "title" : "Untitled",
        "transform" : [
          1,
          0,
          -0,
          0,
          -0,
          0.86924833,
          -0.49437574,
          0,
          0,
          0.49437574,
          0.86924833,
          0,
          -0.080550574,
          6.144892,
          10.8817625,
          1
        ]
      },
      {
        "date" : 712581858.396563,
        "title" : "Untitled",
        "transform" : [
          1,
          0,
          -0,
          0,
          -0,
          0.86924833,
          -0.49437574,
          0,
          0,
          0.49437574,
          0.86924833,
          0,
          0,
          9.50977,
          14.962566,
          1
        ]
      }
    ],
    "AF09ED6F-1707-48FD-8720-65B998362C09" : [
      {
        "date" : 712571518.323419,
        "title" : "Untitled",
        "transform" : [
          1,
          0,
          -0,
          0,
          -0,
          0.8660246,
          -0.5000014,
          0,
          0,
          0.5000014,
          0.8660246,
          0,
          0,
          6.9890366,
          9.988028,
          1
        ]
      }
    ],
    "C2453CF4-33A8-4CDB-A92F-F21135CDD1FB" : [
      {
        "date" : 712577633.341239,
        "title" : "Untitled",
        "transform" : [
          0.9991169,
          -8.511927e-10,
          -0.042016104,
          0,
          -0.0003131385,
          0.99997216,
          -0.00744627,
          0,
          0.042014927,
          0.0074528577,
          0.9990891,
          0,
          0.17538284,
          0.5034919,
          4.1161375,
          1
        ]
      },
      {
        "date" : 712571674.278513,
        "title" : "Untitled",
        "transform" : [
          0.9991169,
          -8.511927e-10,
          -0.042016104,
          0,
          -0.0003131385,
          0.99997216,
          -0.00744627,
          0,
          0.042014927,
          0.0074528577,
          0.9990891,
          0,
          0.324581,
          0.081112385,
          7.617734,
          1
        ]
      },
      {
        "date" : 712571667.492311,
        "title" : "Untitled",
        "transform" : [
          0.99964446,
          -8.617366e-10,
          -0.026659047,
          0,
          -0.0013286002,
          0.99875736,
          -0.049819067,
          0,
          0.02662592,
          0.049836785,
          0.99840236,
          0,
          0.10985705,
          0.21370313,
          4.135488,
          1
        ]
      },
      {
        "date" : 712571646.845725,
        "title" : "Untitled",
        "transform" : [
          0.99999994,
          0,
          0,
          0,
          0,
          0.8660254,
          -0.49999994,
          0,
          0,
          0.49999994,
          0.8660254,
          0,
          0,
          2.070162,
          3.5856261,
          1
        ]
      },
      {
        "date" : 712571618.598732,
        "title" : "Untitled",
        "transform" : [
          0.99999994,
          0,
          -0,
          0,
          -0,
          0.8660254,
          -0.49999994,
          0,
          0,
          0.49999994,
          0.8660254,
          0,
          0,
          0.2545968,
          0.44097465,
          1
        ]
      }
    ]
  },
  "selectedSceneRelativePath" : "anotherWorld.usda"
}